3.000087849707579224e+01
4.678422433183557132e+02
6.693830495938794911e+01
2.447621007906060413e+02
3.079824752932891485e+01
5.094038272235918896e+01
6.093787078648925615e+01
3.091962851345403607e+01
3.781218875419133951e+01
8.203748997793877606e+01
1.140263292990827722e+03
5.095126476716399821e+01
1.288568690710407907e+02
1.106380371307033670e+02
6.137784274020127384e+01
4.580718579154075769e+02
5.090737179471731793e+02
3.695429643794975050e+01
1.199653644270320143e+02
5.469836753011826147e+01
1.226661617977612480e+02
1.500000000000000000e+04
5.542902041677137959e+01
1.794801554977217961e+02
1.446523393083597284e+02
3.482623202381141709e+02
1.374044813385655459e+02
1.944105305261698504e+03
4.841717556079018436e+01
1.500000000000000000e+04
3.060793673339416273e+03
3.103582182037975912e+01
8.461158641766692767e+01
3.078529644434334145e+01
2.826230647732259627e+02
1.904509566091218176e+03
2.968522192602491714e+02
3.291735705879710139e+01
6.224399925464791750e+01
1.450206747371259007e+04
1.500000000000000000e+04
2.607251067350297262e+02
2.106842684280224489e+02
2.848262927823806194e+02
4.475641396761508304e+02
3.121129853073917815e+01
4.195878169126461898e+01
3.006739228582195267e+01
3.692761685040360362e+02
1.142728371020316899e+03
3.063256516298820031e+01
8.202774310277090990e+03
5.549527292442660098e+01
5.264177170676921946e+01
3.213468768539389941e+01
8.760928836366844052e+01
3.353759843369812899e+01
4.290429958034189895e+01
4.232312187098861500e+01
9.735613103734999640e+01
4.094850800895433451e+01
1.087387086839165931e+03
1.163384958134581524e+02
2.187391923260683768e+02
3.562375233881977010e+02
3.173671501890748914e+01
3.457622629317599205e+01
7.631256753974345202e+02
5.319514708943890469e+01
9.076204023578044655e+01
3.042982543930823880e+01
3.619971747713176313e+01
4.948692046649163672e+02
1.108267497659946486e+02
7.521255000835968474e+01
9.366732450254896776e+02
8.166865464417540466e+01
1.496838953876575431e+02
2.769961643813854835e+02
2.655830142130794229e+03
3.007612295723227902e+01
3.419086690812922029e+02
1.350841382684853897e+02
9.152296168093472488e+02
3.481822105725790806e+01
3.176976317584718146e+01
1.630556322748063849e+03
9.986172968237021905e+02
1.400977564182496167e+02
1.093713642460593007e+02
1.396779424439396848e+02
4.305627300366259647e+01
4.317197062782776840e+01
2.704430529142091473e+02
2.932922487184800389e+02
7.452043078173312551e+02
1.500000000000000000e+04
6.903898206511769331e+01
4.280635820228204835e+01
4.633650244107315075e+01
9.756168503951686262e+02
3.442850665555942413e+01
5.415701601113313757e+01
9.212511279464195468e+03
4.323888063275663995e+01
1.823827817282517003e+02
7.208085913019952784e+01
7.670269909794612317e+01
3.877962609209538414e+01
3.496803792816231180e+02
3.737584630674851383e+01
6.534495309403251895e+01
1.790147768285098664e+02
1.040256160352419386e+02
5.336802801118284378e+01
3.748936097200750055e+02
5.292049029207180411e+02
3.025745632501940463e+01
5.685113120825981525e+01
4.386543552888924324e+01
1.801019050743871276e+03
2.091356563921769975e+02
4.855895582904774415e+02
5.220282274430841426e+03
3.464542763879726550e+01
3.090405986066923916e+01
1.811800144434250797e+02
3.233796116269243015e+01
3.134840542601261859e+01
3.295791559257889958e+01
1.707297955118181676e+02
5.746539309700014542e+01
6.441153698965171088e+02
3.062881924603177808e+01
1.068093537977599681e+02
4.493349001771055555e+03
3.101977836319516868e+01
6.402546918825041189e+01
3.662434217095739086e+01
2.496179249369093043e+02
1.949668876435052027e+02
4.014384299768455122e+01
2.148581691586748548e+02
1.079914292008050552e+03
4.657312296413530021e+03
3.634486441578768989e+01
4.122593952571686771e+01
4.391941565593950259e+01
1.050777132924999023e+03
3.082694276264897439e+02
8.996636445044943684e+03
3.057667461909562334e+01
4.633651980265065049e+02
3.001553106634502299e+01
1.287857168848031733e+03
1.446726729524040138e+02
4.144546725180727265e+01
3.779127740438684668e+01
7.751143002232838626e+02
6.463348371756879374e+01
1.495349531215173329e+02
8.001573587556825373e+01
3.067522160042412693e+01
7.833273928543108866e+01
3.035073293821384866e+01
9.846933726577242396e+02
4.391537636655595378e+01
1.500000000000000000e+04
2.463573608666144992e+03
6.698131278968935476e+01
3.124795387517762535e+01
5.158082576064659008e+01
5.710847048814982827e+02
3.087851480549867134e+01
2.328555188423814798e+03
3.022362704752598717e+01
5.610426539636257814e+01
6.188432340658454223e+02
3.261327589887041967e+01
3.590843952455764310e+01
3.033145829723303066e+01
5.300327807633843946e+01
2.836063582838080038e+03
4.530206479891555205e+01
