3.644202238428681540e+01
1.021669096898034894e+02
1.183948983334989634e+03
1.411027762959877236e+02
4.758404302118469786e+01
3.795567089450481291e+01
8.361881567591103703e+01
3.313872596767799905e+01
1.809817592165613576e+02
4.260127915108776619e+01
8.453374217070575014e+01
4.924548001493187144e+02
1.253477445755869724e+02
6.805501363035634313e+03
4.181431325065468627e+03
4.723893149016694792e+01
1.488070171745341099e+02
2.057596043981924083e+02
2.126736654451530910e+02
3.612251544237839340e+01
6.643896443783026484e+01
1.060221895308708753e+02
1.134736651291738667e+02
5.966707851710219046e+01
1.198237936936157837e+02
3.864831457202157594e+01
5.864660610731974657e+02
1.132561557746014955e+02
2.229254606175584854e+02
3.056928726571242549e+01
1.133059954614216167e+03
3.055158493301999556e+01
3.676086977929206512e+01
3.770485329960520176e+02
4.288199086094974177e+02
1.583613204581987759e+02
1.023696977108190396e+02
2.590714121111067243e+02
5.841542251041732925e+01
4.123151252774669473e+01
2.257052554138955713e+02
5.228033284775267475e+01
5.465114807229376481e+01
1.188229474782548778e+03
1.241255425962526857e+02
3.466011159702857469e+01
4.024068312759894184e+01
3.384708824667122684e+01
6.344555236172450918e+01
5.168087786312546086e+03
1.257704364190198305e+02
8.444693705914657755e+01
1.745971637434512331e+02
3.335237182343811924e+01
3.125500978056561507e+01
1.373591901448102135e+02
5.437810362681799603e+01
3.352680224894008632e+01
1.731808915300391163e+03
9.574228642537156020e+01
1.697268705159388844e+02
1.363552190617178894e+02
1.692649414665598329e+02
1.405711062765751922e+04
1.888774955822838422e+02
1.818849740873363885e+02
3.974172475069733679e+01
5.332723655141776362e+02
6.499326733944917578e+01
8.823275882101995649e+01
3.172336167938923523e+01
7.656331629494863478e+01
5.899359195326265848e+01
9.246647815637534507e+01
3.299209062890467692e+01
3.756505452047920812e+01
9.545414252570647307e+01
7.176288027416686077e+01
1.002029103133598937e+02
5.029385651001968654e+03
5.424248739262705499e+01
6.285336485566250531e+01
4.042360948038204072e+01
1.143254162017940189e+03
3.311525241272045861e+01
4.803986887257607918e+01
5.465581071489558781e+03
3.746243254256870614e+01
1.817153307458600580e+02
4.261387734504239688e+02
8.478603854199459988e+01
4.051256294694472615e+01
1.136517546803353298e+02
7.797134154684991358e+01
2.771486734001646823e+02
7.602991466291366862e+01
9.461401270814326381e+01
3.994623124658102853e+01
9.531504805243184819e+01
5.837018496689459823e+01
1.701256692906892738e+02
3.833513259486220193e+01
4.918800643745466914e+02
7.538922678515659754e+02
5.641934385498346956e+02
4.855661128240241453e+01
5.447486702700520027e+02
3.584464324496475740e+01
3.598122615991546525e+01
3.348260176648621922e+01
4.493213051989674511e+01
1.809176406635533567e+02
3.524910054205628285e+02
7.543704165431725528e+01
3.751081986561869286e+01
1.693162038817392556e+02
3.358636552900470207e+01
3.297919852153697917e+01
3.911900693081367564e+01
5.494827645295970342e+01
5.444064111779687209e+01
3.142901802667975986e+01
1.074751551613990614e+03
2.732519990816053905e+02
9.434897935186035056e+01
6.963896767272041870e+03
5.154486845371026902e+03
9.224938990746046557e+02
6.083436112773902948e+01
8.636326071697095585e+01
4.222179275547583188e+01
5.125738012599353510e+01
1.198380830129931809e+02
3.799030584494267515e+01
3.492794873940950851e+01
1.038616548462347509e+03
3.158592374915838974e+01
3.061559529434324745e+01
6.531118916976328137e+01
3.158028949014651232e+01
2.353921551031793342e+02
3.228134478332613526e+03
1.008365262804939277e+02
9.733222070039200844e+02
9.437717785603254583e+01
3.633398648284904908e+01
2.086340371613693776e+02
2.151858812896328743e+02
5.856599601818876977e+01
9.622963010007636058e+02
1.418362891681945484e+03
3.562997891461926514e+01
2.249673434579452191e+02
6.219129981118874184e+01
2.073069276254521753e+02
7.487708051921165975e+01
9.290006332397206279e+03
1.459314575224499322e+02
1.017640400202964770e+02
7.607427744337592230e+02
3.999376952264584872e+01
6.152399116718950154e+02
4.286996776826058664e+01
1.069079755820810647e+02
3.724084829389765332e+02
6.852043642638813026e+02
3.536697448182698622e+01
3.512188777671116924e+01
2.800512118859979864e+02
6.682511868253565808e+03
1.729015533749314670e+02
4.583798125338793739e+01
3.831666647525859304e+01
5.729336346585127160e+01
4.214164905458297739e+01
3.139859275827872125e+02
4.542728946253735955e+01
3.201333907884643537e+01
3.441711828972308354e+02
4.769970795589219392e+01
5.477243734876253711e+02
4.004226233157702097e+01
3.198014098868564759e+01
1.669263995978034814e+02
